
strategic_region={
	id=10
	name="STRATEGICREGION_10"
	provinces={
		3756 3763 3909 4005 4080 4083 4096 4133 4310 4428 4462 4473 4515 4642 4659 4686 4705 4838 4908 4930 5051 5146 5181 5199 5257 5356 5596 5699 5702 5729 5809 5954 6022 6033 6080 6084 6094 6127 6239 6356 6361 6402 6463 6524 6534 6560 6604 6707 6731 6794 6808 6830 6874 6891 6989 7000 7013 7045 7057 7133 7169 7176 7302 7308 7353 7378 7421 7478 7553 7610 7658 7669 7788 7808 7843 7879 7902 7924 8031 8131 8132 8133 8189 8227 8230 8267 8271 8290 8293 8299 8316 8332 8353 8461 8466 8494 8500 9105 9114 9115 9119 9122 9124 9126 9131 9135 9139 9140 9150 9152 9153 9155 9158 9159 9160 9168 9170 9177 9178 9193 9194 9200 9207 9210 9214 9216 9232 9235 9238 9240 9244 9245 9252 9258 9262 9285 9287 9293 9295 9305 9330 
	}
	naval_terrain=water_fjords
	weather={
	}
}
