
strategic_region={
	id=15
	name="STRATEGICREGION_15"
	provinces={
		58 94 129 135 177 179 190 264 284 297 307 312 338 357 362 372 378 437 449 546 552 568 636 659 678 679 719 729 839 853 906 971 972 988 1042 1050 1125 1137 1191 1207 1222 1301 1358 1362 1378 1394 1416 1492 1503 1505 1515 1561 1636 1653 1758 1797 1849 1881 1884 1911 1920 1947 1957 1969 1972 1975 1990 2020 2022 2059 2074 2112 2121 2150 2196 2229 2235 2256 2277 2314 2328 2375 2380 2381 2451 2508 2513 2517 2534 3288 3296 3301 3319 3325 3333 3336 3339 3348 3349 3356 3365 3375 3378 3379 3383 3386 3392 3393 3403 3416 3418 3428 3438 3443 3449 3452 9680 9683 9685 9686 9688 9690 9691 9692 9693 9694 9695 9701 9702 9715 9716 
	}
	weather={
	}
}
