
strategic_region={
	id=16
	name="STRATEGICREGION_16"
	provinces={
		3754 3913 3981 4215 4458 4575 4581 4602 4756 5135 5581 5726 5785 5794 5844 5852 5957 6223 6229 6251 6280 6308 6469 6520 6574 6594 6734 6833 6845 6887 6957 7203 7285 7365 7476 7508 7526 7579 7653 7831 7901 7971 7991 8022 8027 8079 8105 8140 8151 8165 8207 8219 8263 8269 8347 8367 8410 8440 8505 9504 9511 9512 9514 9524 9529 9530 9534 9553 9568 9570 9578 9582 9584 9592 9594 9603 
	}
	naval_terrain=water_shallow_sea
	weather={
	}
}
