
strategic_region={
	id=19
	name="STRATEGICREGION_19"
	provinces={
		10 40 92 93 99 106 115 125 184 198 209 228 233 332 355 374 414 429 512 520 544 586 675 742 757 801 864 898 960 970 982 1057 1062 1076 1123 1215 1291 1310 1329 1382 1421 1426 1429 1450 1483 1490 1495 1501 1516 1538 1556 1565 1595 1596 1652 1701 1713 1760 1769 1801 1832 1846 1889 1964 1985 2034 2065 2073 2084 2095 2098 2120 2140 2162 2172 2190 2205 2212 2250 2279 2287 2357 2411 2426 2458 2488 2491 2525 2542 2556 2566 3051 3053 3069 3079 3085 3096 3101 3124 3128 3147 3152 3156 3158 3161 3167 3181 3194 3203 3217 3227 3237 3245 3257 3264 3281 3297 3304 
	}
	weather={
	}
}
