
strategic_region={
	id=22
	name="STRATEGICREGION_22"
	provinces={
		146 149 178 217 235 323 326 351 373 390 423 458 490 521 525 550 619 627 743 827 860 869 887 1006 1008 1011 1019 1025 1038 1077 1146 1148 1229 1268 1281 1348 1383 1485 1607 1623 1625 1661 1707 1776 1782 1804 1875 1880 1882 1918 1934 1979 1993 2002 2009 2056 2233 2294 2299 2449 2468 2524 2532 2560 3269 3283 3289 3305 3307 3308 3326 3334 3335 3344 3345 3352 3359 3362 3368 3369 3372 3387 3390 3391 3399 3401 3407 3414 
	}
	weather={
	}
}
