
strategic_region={
	id=26
	name="STRATEGICREGION_26"
	provinces={
		88 133 245 296 304 342 366 418 427 436 439 481 553 570 607 722 818 852 866 920 994 1015 1060 1095 1184 1212 1296 1314 1326 1340 1354 1379 1455 1469 1507 1512 1520 1540 1573 1673 1676 1719 1722 1762 1856 1892 1915 1933 2079 2091 2161 2182 2238 2267 2417 2460 2461 2484 2515 2581 3445 3456 3458 3462 3473 3474 3475 3479 3480 3481 3483 3484 3485 3486 3487 3489 3491 3492 3493 3495 3496 3497 3498 3499 3500 3501 3502 3503 3504 
	}
	weather={
	}
}
