
strategic_region={
	id=27
	name="STRATEGICREGION_27"
	provinces={
		5 7 21 24 34 37 43 45 46 60 75 121 143 159 163 215 220 280 292 340 344 352 363 364 394 419 455 456 457 480 534 576 594 595 623 633 654 666 671 690 699 791 807 838 870 886 916 928 929 941 981 985 993 997 1040 1064 1087 1096 1106 1122 1182 1201 1230 1232 1246 1267 1283 1287 1292 1307 1344 1353 1400 1407 1409 1410 1431 1440 1545 1570 1580 1635 1646 1694 1715 1721 1725 1729 1737 1759 1768 1773 1791 1805 1814 1833 1838 1874 1877 1887 1895 1937 1940 1992 2032 2038 2049 2051 2081 2101 2102 2111 2123 2131 2138 2151 2178 2186 2187 2188 2207 2223 2243 2257 2275 2278 2316 2343 2482 2487 2510 2516 2546 2567 2573 2578 2607 2609 2613 2616 2621 2632 2638 2641 2650 2660 2670 2672 2679 2681 2682 2683 2684 2687 2688 2691 2693 2694 2697 2699 2701 2703 2706 2707 2709 2710 2711 2712 2715 2718 2719 2723 2724 2725 2730 2733 2734 2735 2740 2741 2743 2744 2746 2747 2750 2752 2756 2760 2761 
	}
	weather={
	}
}
