
strategic_region={
	id=3
	name="STRATEGICREGION_3"
	provinces={
		15 41 52 78 171 173 186 194 212 218 246 287 359 399 406 421 448 468 482 554 572 574 589 652 672 683 693 705 731 734 780 785 817 825 834 846 856 862 930 937 951 1030 1094 1104 1105 1116 1157 1160 1162 1186 1214 1216 1225 1239 1249 1276 1361 1402 1405 1419 1449 1463 1473 1481 1496 1497 1509 1523 1533 1544 1569 1571 1585 1587 1590 1609 1660 1664 1665 1675 1692 1697 1698 1703 1796 1803 1829 1836 1858 1872 1873 1917 1927 1930 1944 1976 1987 1996 2011 2028 2044 2077 2107 2125 2136 2145 2193 2194 2201 2216 2272 2274 2366 2401 2406 2431 2433 2450 2462 2518 2519 2540 2576 2887 2895 2902 2908 2913 2916 2918 2922 2925 2931 2933 2936 2938 2940 2944 2947 2952 2957 2964 2968 2969 2971 2972 2983 2991 2994 3000 3002 3008 3013 3016 3020 3022 3030 3032 3035 3041 3044 3049 3050 3056 3060 3066 3072 3077 3080 3094 3102 3111 3114 3133 9689 9709 9710 9711 
	}
	weather={
	}
}
