
strategic_region={
	id=30
	name="STRATEGICREGION_30"
	provinces={
		19 42 63 65 103 150 180 191 195 199 222 241 257 288 294 305 333 369 370 395 397 407 426 433 488 494 508 515 517 523 538 555 556 573 580 598 600 611 613 616 632 643 658 698 714 715 726 740 750 751 769 774 789 799 800 812 868 876 907 914 918 936 968 1002 1009 1021 1028 1049 1065 1103 1107 1113 1129 1132 1138 1140 1151 1203 1223 1251 1261 1265 1309 1342 1377 1386 1392 1395 1420 1427 1428 1438 1439 1454 1472 1531 1547 1558 1604 1639 1679 1684 1685 1705 1738 1753 1775 1778 1789 1793 1824 1839 1850 1896 1914 1935 1952 1967 1974 1977 1991 1998 2004 2017 2105 2144 2171 2213 2220 2221 2241 2253 2259 2297 2303 2309 2336 2341 2348 2356 2364 2383 2385 2391 2423 2446 2452 2479 2527 2548 2630 2634 2637 2639 2642 2643 2644 2646 2647 2649 2652 2653 2654 2655 2657 2659 2662 2663 2666 2667 2668 2671 2673 2674 2675 2676 2677 2678 2680 2685 2689 2692 2695 2696 2700 2702 2704 2708 2713 2716 2720 2721 2722 2727 2728 2729 2732 2737 2739 2742 2748 2749 2757 2763 2767 2769 2780 9684 9697 9700 
	}
	weather={
	}
}
