
strategic_region={
	id=35
	name="STRATEGICREGION_35"
	provinces={
		28 29 57 76 80 85 104 127 160 167 187 188 275 316 321 330 353 375 465 472 476 478 530 559 566 599 625 631 647 655 735 745 754 759 798 823 871 921 1013 1037 1053 1055 1090 1092 1118 1152 1173 1176 1183 1224 1234 1290 1305 1324 1330 1351 1370 1372 1374 1384 1403 1546 1599 1629 1650 1678 1681 1704 1709 1718 1754 1757 1794 1825 1827 1828 1837 1894 1907 1931 1945 1955 1973 2041 2068 2075 2086 2090 2113 2135 2152 2184 2192 2197 2210 2217 2231 2232 2260 2315 2322 2340 2400 2432 2439 2454 2457 2481 2499 2504 2561 2768 2770 2781 2784 2785 2792 2800 2801 2804 2806 2811 2817 2818 2838 2840 2843 2847 2858 2861 2867 2868 2872 2879 2883 2884 2894 2898 2903 2919 2929 2932 2937 2941 2942 2943 2954 2960 2970 2973 2980 2981 2984 2987 
	}
	weather={
	}
}
