
strategic_region={
	id=60
	name="STRATEGICREGION_60"
	provinces={
		3585 3600 3626 3686 3832 3996 4081 4089 4137 4163 4228 4399 4443 4489 4601 4615 4713 4830 4873 4898 4907 5039 5115 5203 5247 5254 5471 5559 5602 5659 5912 5924 5927 5968 6032 6126 6296 6352 6359 6372 6553 6557 6570 6864 6866 6885 7106 7129 7146 7156 7247 7253 7257 7330 7373 7412 7437 7473 7505 7531 7554 7557 7632 7675 7732 7845 7891 7953 7958 8034 8069 8242 8370 8451 8453 8471 8987 8991 8997 8999 9011 9022 9049 9059 9062 9063 9065 9068 9073 9079 9083 9086 9088 9091 9116 9121 9130 9133 9137 9146 9147 
	}
	naval_terrain=water_shallow_sea
	weather={
	}
}
