
strategic_region={
	id=63
	name="STRATEGICREGION_63"
	provinces={
		3538 3641 3649 3681 3752 3755 3835 3895 3970 4002 4051 4128 4197 4358 4365 4382 4497 4557 4573 4609 4628 4688 4698 4731 4761 4793 4911 4916 4918 4920 4924 4946 4987 5096 5114 5159 5233 5253 5292 5307 5323 5355 5375 5383 5421 5458 5475 5517 5566 5608 5615 5657 5658 5735 5805 5865 5922 5942 6055 6092 6105 6142 6166 6171 6256 6387 6397 6452 6481 6494 6530 6535 6549 6580 6620 6645 6688 6695 6900 6907 6930 6982 6987 7149 7151 7152 7159 7180 7198 7210 7214 7233 7275 7341 7360 7410 7415 7416 7427 7440 7449 7453 7466 7467 7489 7493 7497 7535 7544 7558 7601 7637 7667 7704 7712 7746 7754 7780 7827 7846 7854 7921 7944 7947 7973 8000 8012 8055 8076 8089 8100 8101 8107 8185 8285 8291 8338 8418 8429 8456 8487 8512 8515 8542 8544 8547 8552 8560 8582 8583 8584 8585 8586 8587 8588 8589 8590 8598 8600 8601 8602 8603 8605 8606 8608 8613 8616 8619 8620 8633 8634 8638 8643 8645 8646 8647 8649 8653 8660 8662 8663 8666 8669 8678 8679 8680 8683 8692 8693 8694 8695 8705 8708 8717 8720 8726 8729 8731 8734 8741 8748 8755 8757 
	}
	naval_terrain=water_deep_ocean
	weather={
	}
}
