
strategic_region={
	id=65
	name="STRATEGICREGION_65"
	provinces={
		3528 3567 3593 3654 3672 3680 3699 3744 3766 3879 3935 3942 3998 4007 4031 4041 4050 4146 4178 4214 4224 4251 4262 4273 4285 4416 4454 4470 4481 4540 4544 4567 4611 4709 4835 4934 4948 4950 4951 4990 4992 4999 5035 5052 5075 5105 5136 5182 5188 5230 5239 5242 5273 5332 5366 5376 5446 5533 5585 5603 5635 5678 5684 5691 5712 5720 5768 5807 5827 5854 5882 5894 5898 5907 5917 5934 5937 5966 5969 5970 6026 6058 6114 6140 6182 6205 6212 6213 6267 6334 6353 6364 6396 6407 6448 6500 6508 6516 6519 6548 6599 6601 6603 6638 6657 6659 6664 6689 6745 6765 6828 6832 6869 6886 6888 6920 6991 7024 7034 7049 7052 7054 7056 7087 7094 7108 7150 7164 7223 7245 7318 7344 7347 7379 7381 7387 7480 7583 7611 7650 7652 7655 7676 7678 7697 7706 7726 7750 7762 7786 7793 7812 7815 7822 7857 7862 7929 7948 7968 7990 7996 8001 8008 8043 8058 8070 8113 8170 8183 8191 8197 8199 8201 8274 8305 8309 8318 8324 8327 8336 8377 8387 8470 8485 8488 8491 8513 8520 8562 9444 9456 9458 9464 9472 9473 9480 9487 9490 9505 9506 9513 9520 9521 9525 9535 9536 9538 9546 9551 9556 9557 9562 9571 9573 9577 9586 9590 9591 9596 9598 9608 9635 9639 9640 9641 9644 9648 9650 9651 9654 9665 9669 9679 
	}
	naval_terrain=water_deep_ocean
	weather={
	}
}
