
strategic_region={
	id=66
	name="STRATEGICREGION_66"
	provinces={
		3516 3630 3718 3738 3743 3846 3859 3885 3956 3988 4046 4129 4153 4255 4353 4356 4442 4463 4689 4718 4764 4806 4881 4933 4979 4991 5010 5043 5101 5104 5143 5156 5192 5219 5305 5430 5456 5464 5514 5529 5607 5631 5634 5652 5664 5681 5693 5708 5710 5745 5824 5831 5863 5869 5875 5883 5910 5955 6000 6006 6013 6028 6037 6039 6053 6074 6220 6242 6274 6299 6345 6357 6369 6392 6456 6464 6485 6492 6502 6533 6587 6644 6670 6683 6700 6767 6787 6792 6815 6855 6884 6889 6898 6905 6917 6963 6966 7017 7031 7038 7040 7089 7135 7153 7162 7165 7200 7202 7224 7242 7252 7256 7260 7299 7356 7404 7422 7424 7432 7455 7463 7565 7606 7635 7642 7679 7705 7718 7741 7752 7772 7783 7819 7841 7878 7894 7922 7934 7940 7952 7955 8040 8041 8059 8127 8158 8166 8174 8190 8215 8245 8278 8282 8301 8326 8359 8382 8383 8408 8427 8479 8507 9101 9127 9138 9162 9165 9171 9176 9188 9195 9202 9203 9208 9221 9225 9226 9228 9233 9234 9254 9261 9264 9274 9286 9321 9322 9327 9328 9335 9339 9340 9341 9346 9347 9357 9364 9368 9372 9373 9379 9405 9424 9426 9431 9436 
	}
	naval_terrain=water_deep_ocean
	weather={
	}
}
