
strategic_region={
	id=67
	name="STRATEGICREGION_67"
	provinces={
		3572 3601 3684 3689 3745 3785 3860 3880 3932 3943 3968 3976 4008 4025 4237 4271 4276 4289 4403 4410 4436 4499 4776 4782 4860 4871 4912 4959 4964 4980 5019 5025 5034 5065 5078 5081 5126 5176 5319 5330 5335 5353 5404 5411 5419 5425 5481 5519 5551 5645 5723 5736 5810 5820 5901 5936 5951 5991 6019 6062 6103 6110 6124 6132 6133 6144 6156 6158 6160 6161 6234 6240 6254 6285 6293 6338 6561 6573 6588 6598 6606 6629 6639 6680 6681 6690 6698 6704 6742 6764 6779 6798 6837 6862 6978 7001 7003 7091 7175 7192 7229 7235 7262 7314 7328 7332 7348 7357 7364 7366 7377 7403 7418 7438 7460 7501 7511 7520 7538 7546 7570 7656 7730 7749 7771 7787 7790 7809 7837 7867 7897 7906 7925 7949 7950 7981 7997 8014 8042 8062 8071 8080 8096 8104 8126 8169 8177 8179 8211 8228 8241 8254 8262 8279 8310 8337 8346 8361 8380 8422 8424 8443 8480 8492 8539 8855 8856 8861 8867 8874 8875 8876 8878 8879 8891 8892 8893 8896 8898 8907 8911 8912 8920 8921 8922 8925 8928 8931 8939 8943 8945 8946 8948 8949 8957 8961 8964 8973 8978 8983 8989 9001 9005 9008 9025 9036 9037 9047 9081 9082 9089 9093 9097 9099 
	}
	naval_terrain=water_deep_ocean
	weather={
	}
}
