
strategic_region={
	id=68
	name="STRATEGICREGION_68"
	provinces={
		3644 3761 3876 3884 4043 4082 4102 4167 4181 4307 4472 4743 4746 4779 4821 4843 4936 4989 5129 5236 5259 5275 5279 5281 5306 5418 5472 5653 5668 5698 5707 5825 6061 6078 6192 6260 6273 6286 6305 6322 6337 6422 6437 6465 6472 6495 6536 6579 6597 6663 6723 6892 6895 6904 6939 6973 6984 7074 7079 7138 7140 7148 7168 7225 7305 7339 7355 7362 7648 7668 7737 7832 7986 8024 8032 8077 8116 8155 8234 8243 8277 8284 8345 8390 8514 8516 8732 8745 8758 8760 8773 8786 8787 8791 8800 8817 8818 8821 8822 8823 8825 8830 8831 8832 8834 8840 8842 8847 8849 8860 
	}
	naval_terrain=water_deep_ocean
	weather={
	}
}
