
strategic_region={
	id=69
	name="STRATEGICREGION_69"
	provinces={
		3517 3525 3560 3579 3586 3589 3592 3596 3634 3636 3650 3678 3685 3706 3712 3732 3733 3742 3786 3788 3791 3799 3801 3815 3822 3844 3886 3888 3890 3892 3904 3944 3946 3950 3971 4028 4072 4075 4085 4099 4132 4150 4154 4156 4162 4164 4190 4199 4206 4210 4254 4260 4268 4284 4291 4313 4317 4342 4369 4374 4387 4389 4397 4419 4431 4479 4482 4487 4495 4537 4541 4549 4562 4569 4583 4584 4612 4627 4629 4644 4645 4665 4673 4674 4676 4682 4701 4744 4759 4788 4815 4837 4844 4883 4891 4900 4901 4955 4977 5040 5055 5067 5090 5091 5099 5107 5111 5133 5157 5162 5163 5170 5207 5221 5260 5271 5287 5302 5320 5340 5344 5351 5363 5390 5399 5402 5451 5454 5466 5484 5515 5536 5537 5577 5601 5606 5611 5651 5673 5687 5694 5725 5733 5749 5752 5771 5777 5786 5788 5813 5829 5837 5857 5887 5891 5905 5923 5932 5941 5943 5961 6027 6044 6049 6052 6136 6145 6154 6190 6235 6252 6282 6297 6344 6355 6365 6398 6404 6429 6487 6512 6514 6559 6566 6600 6609 6628 6631 6632 6646 6648 6678 6687 6699 6714 6722 6724 6748 6772 6774 6778 6784 6790 6797 6805 6822 6849 6852 6859 6883 6909 6945 6970 6977 7012 7018 7030 7055 7072 7095 7096 7102 7112 7119 7121 7136 7137 7208 7226 7234 7246 7263 7265 7269 7297 7309 7321 7329 7338 7345 7369 7392 7398 7400 7442 7446 7447 7487 7504 7506 7528 7584 7588 7590 7596 7597 7604 7609 7614 7638 7639 7649 7664 7674 7684 7700 7711 7720 7731 7748 7769 7778 7779 7807 7813 7823 7830 7842 7855 7856 7861 7872 7884 7904 7923 7939 7941 7999 8052 8064 8072 8088 8102 8114 8119 8146 8148 8160 8163 8173 8180 8187 8226 8240 8255 8268 8286 8307 8322 8329 8348 8349 8376 8381 8414 8421 8454 8462 8463 8465 8483 8489 8490 8499 8517 8550 8575 8576 8577 8578 8611 8624 8641 8655 8656 8664 8685 8701 8706 8719 8725 8740 8744 8780 8781 8784 8793 8796 8799 8802 8805 8806 8813 8827 8828 8850 8852 8854 8862 8863 8865 8866 8870 8872 8873 8884 8885 8887 8889 8895 8900 8901 8904 8906 8910 8915 8919 8927 8934 8936 8947 8955 8960 8967 8975 8976 8980 8985 8988 
	}
	naval_terrain=water_deep_ocean
	weather={
	}
}
