
strategic_region={
	id=70
	name="STRATEGICREGION_70"
	provinces={
		3714 3862 4290 4309 4328 4348 4355 4685 4895 4935 4986 4995 5077 5113 5138 5169 5211 5333 5362 5449 5623 5639 5738 5915 5918 5920 6064 6095 6099 6139 6321 6401 6467 6503 6586 6737 6928 6952 7078 7120 7139 7178 7194 7211 7228 7303 7419 7485 7545 7552 7580 7595 7618 7634 7826 7834 7881 7978 8050 8085 8137 8143 8147 8161 8202 8208 8313 8403 8478 8564 9540 9544 9565 9580 9593 9605 9613 9615 9620 9621 9624 9625 9630 9631 9636 9643 9646 9652 9656 9662 9664 9671 9673 9677 
	}
	naval_terrain=water_shallow_sea
	weather={
	}
}
