
strategic_region={
	id=71
	name="STRATEGICREGION_71"
	provinces={
		3615 3690 3717 3883 3975 4208 4357 4370 4398 4465 4476 4559 4566 4597 4680 4750 4800 5000 5047 5137 5238 5252 5282 5298 5312 5327 5395 5432 5433 5539 5558 5671 5675 5773 5836 5856 5861 5913 5964 6050 6089 6120 6146 6332 6383 6391 6506 6531 6596 6626 6634 6696 6718 6732 6760 6786 6793 6827 6871 6899 7068 7086 7092 7174 7184 7209 7239 7298 7342 7368 7407 7414 7433 7483 7513 7518 7524 7530 7537 7562 7685 7755 7899 7970 8018 8065 8108 8210 8224 8294 8297 8355 8398 8431 8481 8537 8558 8561 9488 9489 9495 9496 9501 9510 9516 9533 9542 9545 9563 9566 9567 9579 9581 9583 9588 9601 9609 9614 9617 9623 9634 9638 9647 9649 9661 9668 
	}
	naval_terrain=water_shallow_sea
	weather={
	}
}
