
strategic_region={
	id=72
	name="STRATEGICREGION_72"
	provinces={
		3656 3930 4010 4165 4180 4286 4435 4570 4790 4947 4976 5178 5379 5547 5575 5598 5843 5896 5908 6148 6201 6243 6257 6371 6432 6521 6591 6612 6719 6729 6861 6868 6951 7046 7083 7243 7401 7456 7475 7491 7533 7547 7727 7773 7847 7860 7957 7983 8035 8056 8117 8139 8167 8258 8402 8420 9360 9361 9363 9369 9371 9375 9377 9386 9387 9388 9390 9392 9399 9401 9409 9413 9414 9415 9418 9422 9425 9434 9435 9438 9454 9463 
	}
	naval_terrain=water_shallow_sea
	weather={
	}
}
