
strategic_region={
	id=73
	name="STRATEGICREGION_73"
	provinces={
		3524 3543 3599 3608 3620 3621 3673 4038 4105 4168 4174 4185 4300 4364 4413 4421 4592 4599 4679 4760 4805 4813 4886 4941 4942 4967 4975 4981 5070 5153 5160 5220 5228 5324 5328 5336 5368 5584 5610 5730 5935 6003 6029 6143 6200 6210 6268 6271 6284 6289 6406 6460 6551 6656 6706 6730 6780 6799 6800 6834 6853 6877 6890 6975 7029 7042 7093 7097 7187 7278 7312 7323 7425 7436 7454 7486 7516 7529 7581 7629 7657 7662 7677 7791 7836 7954 7972 7994 7998 8019 8053 8270 8321 8363 8406 8464 8510 8529 8567 9440 9470 9471 9475 9476 9484 9492 9493 9497 9502 9507 9509 9519 9539 9541 9548 9554 9587 9597 9602 9626 9645 9653 
	}
	naval_terrain=water_shallow_sea
	weather={
	}
}
