
strategic_region={
	id=74
	name="STRATEGICREGION_74"
	provinces={
		3507 3521 3542 3584 3588 3607 3651 3669 3702 3713 3731 3759 3764 3787 3793 3820 3845 3853 3865 3878 3881 3891 3948 3994 4003 4006 4029 4053 4068 4108 4123 4135 4143 4170 4192 4218 4234 4240 4249 4252 4277 4293 4296 4299 4308 4331 4333 4349 4412 4427 4429 4449 4457 4468 4475 4510 4521 4523 4528 4529 4553 4587 4588 4610 4625 4630 4636 4650 4668 4684 4694 4700 4712 4715 4716 4745 4747 4753 4774 4791 4827 4831 4877 4878 4885 4958 4994 5007 5017 5038 5053 5069 5087 5108 5158 5171 5189 5191 5196 5229 5243 5245 5266 5269 5272 5285 5296 5310 5318 5321 5407 5417 5431 5437 5440 5469 5488 5489 5493 5516 5528 5530 5534 5561 5641 5722 5737 5751 5778 5818 5819 5822 5823 5859 5919 5945 5952 5953 5965 5974 5975 6008 6070 6083 6087 6090 6138 6149 6174 6193 6195 6202 6207 6218 6264 6265 6269 6283 6291 6323 6350 6385 6400 6403 6410 6424 6428 6441 6449 6454 6468 6470 6475 6493 6498 6501 6505 6541 6554 6585 6590 6610 6611 6649 6661 6679 6708 6766 6768 6806 6810 6811 6825 6831 6958 6961 6965 6969 6972 6979 6993 6995 7022 7032 7033 7053 7088 7107 7118 7125 7157 7166 7199 7218 7220 7251 7254 7261 7280 7288 7293 7326 7361 7374 7375 7383 7409 7411 7413 7434 7435 7448 7457 7459 7469 7549 7560 7564 7566 7574 7600 7640 7641 7688 7695 7714 7734 7738 7764 7768 7775 7792 7818 7849 7852 7875 7888 7889 7907 7913 7931 7936 7938 8003 8004 8007 8023 8091 8095 8097 8118 8193 8204 8225 8229 8250 8251 8272 8296 8314 8369 8386 8404 8411 8446 8450 8452 8482 8518 8521 8554 8566 9144 9209 9212 9229 9236 9243 9256 9263 9265 9267 9269 9276 9284 9290 9291 9292 9308 9311 9314 9317 9318 9320 9334 9337 9343 9344 9351 9352 9354 9358 9367 9376 9381 9389 9395 9404 9407 9408 9412 9416 9417 9420 9423 9428 9446 9447 9448 9450 9453 9469 9482 9485 9491 9499 9523 9526 9528 9531 9550 9595 9616 9622 9627 9655 9658 9666 9676 
	}
	naval_terrain=water_deep_ocean
	weather={
	}
}
