
strategic_region={
	id=75
	name="STRATEGICREGION_75"
	provinces={
		3508 3513 3515 3519 3520 3529 3530 3533 3540 3544 3548 3556 3565 3571 3597 3609 3617 3633 3637 3638 3642 3648 3653 3655 3658 3662 3664 3665 3692 3696 3698 3704 3707 3719 3728 3749 3773 3774 3775 3790 3806 3813 3816 3827 3834 3840 3842 3843 3882 3907 3917 3931 3933 3934 3945 3947 3949 3965 3966 3972 3983 3999 4011 4016 4024 4027 4036 4040 4052 4058 4061 4079 4084 4113 4115 4117 4120 4121 4125 4145 4152 4158 4169 4171 4186 4188 4189 4194 4196 4200 4202 4204 4212 4216 4226 4231 4263 4278 4298 4305 4311 4315 4319 4320 4336 4339 4346 4363 4372 4380 4432 4448 4450 4474 4498 4500 4502 4509 4511 4512 4514 4520 4525 4531 4538 4542 4547 4565 4568 4574 4593 4600 4607 4613 4617 4618 4631 4634 4641 4646 4658 4660 4681 4683 4687 4690 4692 4699 4704 4707 4710 4720 4723 4727 4728 4735 4736 4762 4785 4787 4794 4796 4810 4817 4818 4825 4833 4834 4845 4857 4865 4868 4890 4892 4914 4919 4922 4932 4938 4956 4957 4962 4970 4971 4973 4974 4978 4982 5003 5005 5014 5015 5018 5022 5029 5037 5042 5050 5054 5056 5062 5076 5089 5097 5110 5118 5124 5125 5149 5151 5165 5166 5167 5168 5185 5197 5223 5235 5263 5280 5289 5295 5301 5315 5316 5322 5326 5345 5372 5373 5382 5386 5387 5388 5394 5400 5401 5422 5423 5428 5429 5436 5441 5452 5460 5462 5502 5508 5518 5520 5542 5549 5553 5563 5567 5570 5576 5593 5595 5612 5616 5621 5622 5624 5630 5633 5682 5696 5700 5721 5739 5743 5746 5750 5755 5756 5758 5759 5767 5779 5781 5782 5784 5791 5811 5812 5814 5828 5830 5835 5851 5864 5868 5871 5892 5904 5909 5916 5926 5928 5939 5940 5956 5982 5995 6009 6016 6036 6046 6068 6085 6096 6097 6115 6122 6129 6164 6189 6197 6203 6236 6237 6238 6241 6248 6301 6303 6309 6362 6374 6388 6412 6413 6425 6443 6455 6471 6490 6504 6537 6538 6556 6568 6572 6595 6614 6619 6621 6627 6640 6642 6643 6652 6662 6684 6691 6697 6702 6709 6711 6725 6727 6750 6769 6773 6775 6801 6818 6824 6839 6843 6846 6896 6927 6931 6935 6949 6962 6983 6986 6997 7005 7009 7016 7019 7025 7039 7043 7067 7071 7122 7123 7126 7128 7155 7158 7170 7188 7201 7240 7241 7270 7277 7304 7334 7335 7343 7371 7390 7399 7406 7417 7429 7439 7443 7474 7481 7482 7496 7503 7563 7602 7603 7647 7659 7673 7698 7713 7715 7716 7722 7723 7774 7785 7789 7803 7825 7828 7869 7873 7890 7900 7910 7932 7935 7943 7946 7965 7985 7992 8044 8083 8103 8120 8124 8125 8130 8136 8152 8156 8168 8206 8216 8231 8247 8252 8275 8298 8303 8308 8341 8343 8351 8358 8366 8371 8384 8388 8397 8400 8405 8455 8469 8477 8523 8526 8532 8551 9102 9110 9125 9128 9136 9145 9148 9149 9156 9157 9172 9184 9190 9196 9199 9201 9204 9219 9220 9227 9239 9246 9247 9255 9257 9259 9270 9279 9288 9289 9306 9310 9331 9345 9349 9382 9384 9400 9403 9406 9419 9433 9443 9445 9449 9451 9461 9466 9478 9479 9483 9486 9494 9508 9527 9537 9555 9558 9559 9561 9569 9575 9589 9600 9604 9606 9611 9618 9633 9637 9642 9659 9660 9670 
	}
	naval_terrain=water_deep_ocean
	weather={
	}
}
