
strategic_region={
	id=76
	name="STRATEGICREGION_76"
	provinces={
		3510 3514 3522 3527 3532 3535 3537 3541 3545 3547 3549 3552 3553 3561 3562 3570 3573 3574 3575 3587 3603 3605 3606 3611 3612 3613 3616 3618 3619 3624 3625 3627 3643 3647 3652 3666 3670 3676 3679 3682 3688 3693 3694 3700 3703 3708 3711 3715 3724 3726 3729 3736 3737 3747 3750 3753 3758 3762 3770 3771 3772 3776 3792 3795 3797 3802 3804 3818 3821 3824 3825 3829 3830 3833 3838 3839 3841 3848 3855 3858 3861 3863 3864 3866 3867 3868 3870 3873 3877 3889 3894 3900 3901 3902 3908 3910 3911 3916 3918 3919 3921 3923 3924 3926 3938 3941 3959 3962 3964 3973 3989 4000 4015 4020 4026 4030 4034 4037 4042 4045 4048 4056 4059 4060 4062 4063 4065 4066 4069 4076 4091 4092 4093 4095 4098 4103 4107 4110 4126 4131 4134 4136 4140 4141 4148 4151 4159 4173 4176 4177 4182 4184 4195 4217 4220 4227 4233 4236 4243 4247 4248 4250 4256 4257 4270 4274 4275 4282 4283 4295 4297 4302 4304 4306 4314 4322 4343 4344 4345 4350 4351 4354 4361 4368 4383 4386 4390 4394 4395 4400 4401 4407 4418 4438 4451 4452 4455 4459 4460 4467 4483 4488 4491 4493 4501 4504 4505 4506 4507 4524 4530 4533 4534 4546 4564 4571 4577 4580 4596 4598 4603 4606 4614 4616 4619 4632 4638 4639 4640 4647 4651 4652 4656 4663 4666 4671 4677 4678 4691 4695 4696 4697 4702 4703 4706 4708 4721 4732 4734 4738 4739 4740 4741 4773 4783 4809 4824 4828 4829 4836 4840 4846 4849 4850 4853 4856 4862 4863 4867 4870 4872 4874 4882 4884 4899 4902 4903 4906 4909 4915 4917 4940 4953 4966 4969 5001 5004 5012 5021 5026 5033 5036 5041 5060 5080 5084 5085 5088 5093 5094 5098 5116 5117 5119 5127 5130 5134 5142 5144 5147 5150 5152 5179 5180 5193 5200 5204 5205 5208 5210 5224 5226 5232 5241 5250 5251 5255 5262 5278 5288 5290 5294 5303 5304 5308 5311 5314 5331 5334 5337 5339 5346 5359 5370 5371 5392 5396 5398 5403 5405 5414 5415 5442 5447 5461 5470 5473 5478 5480 5483 5494 5504 5509 5513 5521 5527 5538 5540 5543 5545 5552 5557 5565 5572 5573 5574 5583 5599 5600 5609 5618 5625 5626 5628 5629 5636 5637 5640 5655 5667 5672 5679 5686 5701 5703 5711 5714 5728 5760 5761 5769 5770 5774 5776 5783 5789 5796 5800 5804 5806 5808 5817 5821 5840 5842 5848 5849 5853 5860 5862 5866 5885 5889 5899 5902 5906 5929 5930 5933 5944 5947 5948 5963 5976 5977 5979 5980 5985 5989 5990 5994 5996 5998 6007 6010 6015 6020 6024 6030 6031 6038 6041 6048 6060 6065 6067 6075 6079 6082 6100 6104 6108 6109 6113 6116 6118 6125 6131 6151 6169 6177 6184 6194 6196 6198 6199 6208 6209 6214 6215 6222 6224 6228 6233 6244 6258 6261 6279 6294 6298 6304 6310 6313 6315 6316 6318 6326 6330 6340 6341 6343 6348 6351 6367 6373 6376 6378 6393 6395 6405 6409 6414 6416 6421 6427 6435 6436 6444 6446 6459 6462 6477 6483 6496 6526 6539 6542 6543 6544 6558 6562 6567 6575 6581 6583 6593 6602 6613 6615 6618 6622 6641 6650 6654 6655 6658 6676 6686 6692 6720 6726 6738 6739 6741 6746 6757 6782 6785 6788 6791 6819 6820 6823 6836 6840 6841 6851 6857 6876 6879 6881 6894 6908 6910 6911 6912 6914 6929 6933 6940 6948 6960 6964 6967 6971 6976 6985 6990 7002 7004 7008 7020 7027 7036 7048 7059 7061 7064 7070 7076 7085 7098 7100 7104 7109 7111 7113 7144 7145 7161 7163 7173 7177 7179 7186 7190 7206 7212 7213 7215 7217 7230 7244 7249 7250 7266 7271 7272 7276 7283 7284 7287 7290 7310 7324 7331 7333 7340 7349 7351 7359 7367 7372 7388 7391 7408 7428 7441 7444 7445 7450 7470 7484 7495 7499 7502 7509 7510 7515 7517 7521 7536 7548 7556 7567 7569 7586 7593 7598 7607 7612 7613 7616 7617 7619 7620 7621 7624 7628 7631 7636 7643 7666 7680 7687 7689 7694 7696 7701 7702 7721 7740 7742 7745 7756 7757 7758 7765 7777 7782 7797 7806 7816 7820 7821 7829 7835 7844 7848 7851 7858 7859 7871 7874 7877 7880 7905 7909 7911 7912 7918 7951 7959 7962 7966 7967 7974 8010 8013 8015 8016 8017 8020 8037 8038 8049 8057 8060 8063 8073 8086 8087 8115 8142 8144 8150 8154 8159 8172 8176 8181 8182 8184 8192 8194 8195 8200 8203 8217 8222 8233 8235 8236 8237 8238 8244 8249 8266 8273 8281 8283 8288 8295 8300 8320 8325 8328 8330 8331 8334 8335 8356 8364 8365 8375 8379 8385 8391 8401 8426 8447 8449 8460 8468 8486 8498 8501 8519 8522 8530 8531 8533 8534 8535 8536 8538 8553 8556 8570 8571 8572 8573 8574 8607 8609 8610 8617 8621 8622 8623 8626 8629 8632 8640 8654 8658 8659 8670 8672 8681 8682 8687 8699 8700 8702 8712 8713 8714 8715 8716 8718 8728 8735 8749 8750 8751 8754 8768 8770 8771 8774 8776 8782 8783 8798 8801 8804 8812 8815 8837 8844 8857 8858 8864 8871 8888 8894 8909 8916 8918 8935 8938 8941 8942 8950 8951 8952 8953 8958 8959 8968 8970 8971 8979 8981 8984 8992 8993 8994 8995 9002 9003 9004 9006 9014 9015 9019 9020 9021 9024 9026 9027 9029 9031 9033 9034 9038 9039 9041 9046 9048 9052 9054 9057 9064 9067 9071 9075 9077 9078 9084 9085 9087 9090 9096 9100 9107 9112 9113 9118 
	}
	naval_terrain=water_deep_ocean
	weather={
	}
}
