
strategic_region={
	id=9
	name="STRATEGICREGION_9"
	provinces={
		1056 1300 3165 3531 3808 4017 4070 4166 4292 4338 4751 4771 4876 4923 4928 5044 5048 5058 5073 5092 5173 5212 5215 5256 5291 5313 5408 5485 5496 5564 5582 5590 5594 5670 5724 5888 5973 6076 6186 6219 6250 6272 6276 6277 6307 6311 6325 6476 6488 6540 6545 6755 6906 6959 7060 7084 7101 7116 7130 7132 7160 7185 7207 7216 7307 7317 7319 7471 7512 7608 7623 7645 7729 7736 7739 7743 7781 7805 7882 7926 7956 7989 8026 8134 8157 8162 8196 8232 8246 8248 8256 8261 8350 8354 8372 8389 8392 8423 8430 8432 8484 8495 8543 9117 9129 9141 9164 9173 9175 9179 9181 9185 9187 9197 9198 9206 9211 9217 9218 9231 9237 9248 9251 9253 9268 9271 9277 9281 9296 9300 9302 9309 9313 9315 9324 9325 9329 9332 9338 9350 9366 9380 
	}
	naval_terrain=water_fjords
	weather={
	}
}
